#' Advent of Code 2023 solutions
#' @export
aoc_solutions <- list(

  day01a = 55538,
  day01b = 54875,

  day02a = 2551,
  day02b = 62811,

  day03a = 559667,
  day03b = 86841457,

  day04a = 21558,
  day04b = 10425665,

  day05a = 107430936,
  day05b = NA,

  day06a = 252000,
  day06b = 36992486,

  day07a = 253313241,
  day07b = 253362743,

  day08a = 18113,
  day08b = 12315788159977,

  day09a = 1980437560,
  day09b = 977,

  day10a = 6951,
  day10b = 563,

  day11a = NA,
  day11b = NA,
  day12a = NA,
  day12b = NA,
  day13a = NA,
  day13b = NA,
  day14a = NA,
  day14b = NA,
  day15a = NA,
  day15b = NA,
  day16a = NA,
  day16b = NA,
  day17a = NA,
  day17b = NA,
  day18a = NA,
  day18b = NA,
  day19a = NA,
  day19b = NA,
  day20a = NA,
  day20b = NA,
  day21a = NA,
  day21b = NA,
  day22a = NA,
  day22b = NA,
  day23a = NA,
  day23b = NA,
  day24a = NA,
  day24b = NA,
  day25a = NA,
  day25b = NA

)
